8
[(0,0),(1,0),(1,1)] mult 96
[(0,1),(0,2)] sub 4
[(0,3),(0,4)] sub 3
[(0,5),(1,5)] add 9
[(0,6),(0,7),(1,7)] mult 24
[(1,2),(2,2)] div 4
[(1,3),(1,4),(2,4)] add 13
[(1,6),(2,6)] sub 1
[(2,0),(3,0)] mult 12
[(2,1),(3,1)] sub 5
[(2,3),(3,3)] sub 5
[(2,5),(3,5)] add 9
[(2,7),(3,7)] div 3
[(3,2),(4,2)] div 4
[(3,4),(4,4)] div 3
[(3,6),(4,6)] mult 21
[(4,0),(4,1)] mult 20
[(4,3),(5,3)] sub 2
[(4,5),(5,5)] mult 8
[(4,7),(5,7)] add 9
[(5,0),(6,0)] mult 21
[(5,1),(5,2)] add 11
[(5,4),(6,4)] div 3
[(5,6),(6,6)] div 2
[(6,1),(6,2)] sub 3
[(6,3),(7,3),(7,4)] add 17
[(6,5),(7,5)] div 2
[(6,7),(7,6),(7,7)] mult 80
[(7,0),(7,1),(7,2)] add 16